web/WEB-INF/data/slopeData.txt
nrows 70
ncols 70
cellsize 10
[rows 0 to 27 of 70, columns 0 to 62 of 70]
174.9187 170.8752 160.6638 170.8560 206.7266 227.5352 161.6426 190.7121 220.9098 176.6140 194.9845 168.3011 185.7923 215.0413 213.2840 176.8465 207.3444 229.0659 182.9633 171.7833 168.2502 195.0110 218.7008 194.5405 198.2683 161.2080 222.7441 187.1470 218.7746 198.8879 196.4340 227.4714 189.6080 171.7896 165.8234 182.3417 186.4615 172.3819 206.2275 184.8838 230.1051 165.8902 191.9092 184.1605 169.6620 212.7696 187.8741 191.6004 230.0146 196.8724 181.9231 197.7629 171.1668 194.3190 202.6989 200.7019 224.0538 174.0028 169.4462 203.5638 221.8549 204.7338 199.6053
181.8592 186.3397 160.3140 178.0747 214.0772 194.4985 195.0344 202.3614 181.0384 168.7003 184.8583 207.1050 200.6327 215.2528 175.0757 173.0708 175.8213 217.9478 207.1491 194.1734 186.9022 185.5988 167.2587 204.4754 160.5422 167.5509 227.9286 206.0297 201.5327 203.6132 165.3077 175.9168 227.6880 225.4532 184.2174 198.6209 162.1657 218.7408 225.5177 182.8382 226.7622 219.2320 213.6944 161.9195 201.4105 206.5430 195.8242 229.4107 181.1928 161.5807 204.2344 198.5721 209.6675 207.4673 230.2436 176.3362 200.2083 166.3248 208.3416 168.8912 220.3516 229.4724 207.0468
174.2798 181.1538 218.6119 206.6803 225.4485 229.8503 219.5406 171.7468 193.4950 182.4205 184.1828 197.0764 161.5609 230.2859 195.3402 186.4588 201.8056 179.4352 196.5531 198.0046 179.9157 164.1653 188.7213 229.1786 223.6270 161.8479 190.3256 198.7898 182.1981 190.8184 211.6106 163.4289 166.7184 194.9338 197.8569 199.2463 196.9783 182.9554 200.0508 162.0246 171.3877 177.6712 171.8395 186.2143 212.0883 186.5949 225.6520 174.9739 196.9731 194.1515 175.2590 185.2841 203.7996 183.4919 226.8488 179.8901 172.9646 219.4664 211.9021 199.1665 219.7916 179.8317 177.7656
207.7408 201.0575 175.2496 212.0246 223.5748 189.4570 200.8725 214.1800 230.8093 170.8096 173.3508 206.7385 187.7384 170.1433 160.6553 176.8468 208.6962 186.7415 199.5086 209.1481 196.5800 212.2680 170.8876 205.3469 225.1205 203.2864 173.1230 185.9320 204.6082 166.7717 227.1553 162.1621 205.4608 211.7705 205.7578 188.6853 170.0983 175.5806 230.7034 207.5811 205.0835 218.6963 224.9136 208.1877 182.3803 229.2907 173.6083 226.8122 187.8838 175.1922 206.3472 162.3040 178.0842 175.1538 160.6477 225.5206 164.8414 212.7103 162.5501 212.9121 183.7674 161.0711 224.1040
223.9922 172.9050 206.6521 196.0833 219.0508 197.3437 205.0484 196.8558 178.4482 199.0968 210.8437 206.6248 191.5638 208.3593 167.6832 164.7349 214.2675 176.6494 162.3898 160.5132 174.6633 162.1091 207.6217 183.5532 199.8313 160.7575 166.0633 207.2510 175.7085 164.5213 202.1968 175.6691 210.9097 212.7835 184.6897 202.1751 174.8597 199.2678 167.8271 162.3311 183.0785 171.3067 194.2227 212.1942 188.8441 161.9298 191.2487 175.5292 164.7397 191.7524 229.2385 222.4313 194.7896 212.3451 168.5371 204.5113 166.9824 179.6201 161.9029 223.1029 214.9861 196.7850 169.5929
227.0191 173.7650 221.2170 160.9657 179.5358 187.9261 164.3319 169.2490 197.5655 221.6661 212.8665 190.4043 203.8369 187.6043 174.7493 210.7991 187.5650 209.1092 196.3351 170.6517 224.9933 228.0010 162.2932 227.3866 189.0382 195.6371 216.6864 192.8544 176.1491 164.0342 224.9360 193.6865 166.3924 217.2038 194.3459 184.7860 194.0699 169.0654 212.7359 208.8448 219.8904 217.1415 185.5223 204.8189 220.8272 202.7358 224.2742 172.4969 197.3142 181.4490 179.3759 165.6507 173.3613 160.6964 160.9266 193.7705 175.5014 217.3579 196.4226 168.0571 173.2218 176.8121 196.0843
176.6862 222.4662 216.7623 177.3225 178.1666 199.1813 195.5101 216.5053 167.6767 197.0496 175.0734 224.8878 187.1246 176.1032 223.0042 164.7759 215.2512 205.2845 183.1066 202.9661 163.5672 181.5012 182.9968 209.1380 193.0039 173.8659 184.3144 174.6761 175.7765 186.0733 204.9752 175.4842 225.3406 196.2601 229.0616 213.7024 208.6066 192.2317 227.5608 177.2287 200.7691 160.6433 176.1830 200.6055 185.2096 160.5786 198.9176 168.1364 183.9316 184.9812 171.8180 170.0668 215.9028 169.5635 198.7455 227.2847 221.4921 224.1436 189.4491 172.2738 186.9165 179.8406 223.4076
210.9944 200.7695 175.0321 201.2782 186.6570 202.4224 196.1932 197.3753 162.3743 221.7078 220.4138 225.6702 177.3742 195.6175 171.0475 180.1435 178.5309 162.7469 170.0678 167.0125 182.1817 198.6399 184.3737 163.6605 215.7397 227.7953 219.4198 228.7528 204.2792 196.9430 226.1665 192.3781 227.3823 188.7001 186.0341 224.2578 174.0554 190.8661 172.1469 176.4156 179.4522 161.4271 165.6561 215.2195 202.4731 172.8079 162.3425 170.3719 172.0490 166.0275 162.0160 214.2521 227.0627 224.1966 165.4553 198.9944 214.4157 215.2268 212.7569 230.8254 160.7019 187.7154 184.0035
227.4762 188.3921 208.8127 175.4617 219.1109 173.1073 172.2065 175.1896 162.9898 221.5684 200.7188 189.6739 201.6812 192.7728 226.8404 201.2685 166.1841 165.3647 229.3217 181.1650 218.5852 211.9220 194.4301 172.7700 176.3452 213.1775 217.1306 192.2821 218.2297 226.6684 200.5770 214.4358 198.9961 165.1624 184.7294 179.6836 230.9562 219.2240 208.7444 181.0563 218.4403 223.4497 166.0241 176.5637 191.0115 201.2302 198.4577 169.2748 180.9987 179.3756 210.4380 204.1521 169.5479 162.5801 173.6955 201.3044 191.9278 201.4945 204.8558 225.5727 187.2681 172.1267 204.8980
161.2696 189.0733 201.0307 178.5876 195.1034 171.4410 182.3527 166.8898 161.2997 170.1721 176.7037 172.9840 178.7436 227.7384 165.7044 214.0457 196.6783 223.4220 189.6610 164.7376 169.4465 173.6042 192.3232 162.7134 172.0333 208.9965 193.1168 167.4650 182.3042 175.2887 215.2960 226.3259 177.1626 199.1579 226.8719 173.1167 180.5914 225.7029 208.4923 189.7405 197.6900 163.1462 186.6699 216.0191 229.3685 168.0816 204.8871 226.2001 169.3176 220.6361 193.1411 169.8542 211.2411 179.6603 201.4350 210.3378 217.1031 195.4676 208.5716 195.5989 227.3236 165.6991 196.3568
219.9529 220.8594 178.6385 206.5548 185.2844 225.9541 169.9977 177.7949 198.3076 169.7365 187.3704 209.6256 179.4137 197.0105 183.6790 174.9503 228.4952 168.3983 222.2560 177.8624 192.8257 171.2711 191.4280 175.0485 201.1535 169.1054 171.4181 226.4858 208.6961 204.7013 180.6061 195.6983 183.5370 162.0260 196.8382 212.1200 172.6510 213.9255 196.5242 164.0457 206.4133 209.5866 169.7213 182.2395 230.9862 177.4245 174.2665 188.5205 168.4152 198.0214 182.2909 201.5475 191.6192 230.8483 209.1254 160.5841 168.7131 175.7655 218.6898 215.2409 226.2597 162.7135 199.9491
217.9525 225.9047 174.9937 187.5979 176.9422 163.7519 206.0910 163.4492 161.7921 173.4147 181.5457 196.5512 215.5293 190.1366 222.8031 192.4862 229.9551 175.3493 179.4268 217.0476 198.2668 223.5966 211.7610 175.1967 195.7648 196.4022 227.6954 160.5673 199.9099 219.3336 227.5891 184.7173 166.5519 179.9438 206.5370 185.4599 173.1019 189.3666 190.1973 205.9051 176.7929 198.0862 230.3456 182.2885 225.9369 221.8069 173.1638 219.2738 169.2668 195.4070 160.0314 199.1754 223.0355 227.6768 209.2458 168.4708 199.5297 172.9144 226.6668 213.0408 190.0567 169.4787 222.7528
225.7746 214.6637 215.2702 184.0582 186.3006 209.4800 179.4961 227.8674 183.4992 173.6298 168.2488 163.3134 163.8407 172.1990 168.4369 217.3864 172.1103 218.9171 193.5112 163.4229 216.3941 193.7381 182.7482 209.9085 175.0031 183.2950 193.3337 164.7003 171.8466 189.0155 184.6032 211.1478 170.3053 163.4805 180.6552 227.8352 198.0923 224.5576 181.8280 177.5754 203.9429 166.9478 200.2057 180.8417 169.2270 229.0460 190.4016 229.0410 164.7384 173.4359 167.3585 210.9051 165.9858 187.9142 202.7985 228.8019 176.2794 212.6711 188.2580 211.9574 162.7904 213.1401 167.3522
212.0643 168.2046 189.5403 204.4919 189.0878 217.9555 213.3525 168.8238 225.5344 188.2473 182.3896 215.1544 194.9430 183.2803 230.3437 166.4618 217.9373 205.1065 164.6890 217.4937 161.8938 163.4213 230.5150 176.5807 161.2238 169.7486 188.0448 161.4767 179.5682 211.9462 230.6562 215.2107 161.9695 162.3619 197.0732 169.5417 218.2683 179.0327 228.1510 168.3711 198.5484 178.0322 220.3366 166.3851 174.4496 170.4459 191.4566 176.2759 187.5571 197.4808 180.9571 203.1211 165.8835 207.9013 194.0983 205.8894 229.6642 188.3232 180.8959 162.5832 181.3012 200.8960 223.7919
223.5588 194.0599 193.9502 219.2235 177.2527 195.8337 180.7174 222.5628 217.9443 172.8676 172.7096 225.4864 162.1271 162.7390 213.3045 211.5503 201.7056 182.2709 200.7236 179.5257 176.7601 161.0176 178.0334 225.4550 188.5796 214.2498 227.4908 227.0111 200.4567 217.9813 199.5554 166.7513 179.9967 184.8468 198.9738 230.0792 227.8503 225.0568 223.8302 210.5927 195.8516 162.2291 186.3535 194.0309 227.5106 201.6321 171.5719 176.2131 204.6959 191.2593 215.6162 165.2059 178.1235 182.1997 199.5835 206.4514 189.9646 167.9685 209.3984 182.7409 174.4807 183.8199 178.0308
208.9578 167.0830 222.6921 191.9470 169.8511 164.0597 209.8878 194.7035 204.5925 210.0251 207.9785 164.6452 225.5294 169.1832 169.8113 161.6808 221.2450 174.4113 180.3524 173.9532 162.5520 165.8597 192.1873 196.1032 197.8490 162.5518 179.7055 205.5273 190.8193 188.4974 224.7073 214.8071 199.4466 226.2039 193.7422 214.5674 200.7158 184.4988 180.9576 168.2461 187.1672 176.2610 213.6192 192.6522 174.6837 181.0003 222.7501 172.7276 223.5021 200.2202 191.5265 189.6319 165.4610 208.1526 202.1692 230.1235 230.9253 224.7640 192.0724 198.2246 167.6594 177.8971 219.8232
162.0377 187.9627 178.6452 218.4334 191.6969 180.3635 230.6419 199.9290 222.9807 177.1541 225.9959 208.0340 188.8183 175.5315 174.2500 214.8926 210.9569 164.3116 180.5183 171.9277 189.3738 200.4811 181.7768 171.6452 188.3589 176.2664 184.0708 184.0970 178.9054 170.4308 166.5855 181.6185 163.0152 219.2365 214.8267 185.6415 172.4102 226.3991 193.8689 165.2247 203.9213 179.4058 194.7394 218.4401 205.5254 177.7677 214.5308 211.9080 201.5937 167.1333 196.7584 201.5818 228.4236 217.7044 210.8129 174.3501 197.5349 210.0626 164.0991 181.1466 225.5310 204.3400 180.5947
205.5414 229.6311 163.8792 224.8918 196.5844 166.8685 197.5810 160.7839 177.5247 169.8995 178.4614 189.2339 187.4258 198.4682 223.6585 175.4476 193.9943 215.0798 188.6865 211.9956 180.2062 188.2042 199.7296 173.9622 171.2236 198.9676 222.5066 222.7642 229.9282 173.3359 213.5233 191.4160 192.6069 215.1356 204.8145 171.5681 197.9361 182.2529 227.4726 183.3407 168.4343 178.0076 178.3547 175.8345 211.9793 211.0058 194.3696 168.2109 167.8174 175.7420 174.6514 170.4041 215.7337 182.8439 161.7509 175.8532 168.6955 180.1308 164.6917 203.1214 221.3349 200.5908 230.3758
172.4108 202.7548 207.0656 195.6304 199.8073 190.3771 218.8339 166.0141 204.1837 163.4932 183.9828 205.7137 175.4076 190.1422 207.9947 208.7291 190.6212 173.9633 217.1171 209.1232 223.7669 190.5336 177.9754 163.8660 218.7318 220.8596 179.6720 223.8837 165.0450 196.2986 184.5974 194.8606 207.7486 214.3887 207.7002 204.4905 225.6662 208.4202 166.8900 195.6864 215.7953 209.0947 171.5799 192.7215 186.9608 168.2870 179.1146 224.3986 206.1875 184.7517 169.9755 160.1208 174.4675 209.5941 194.2061 160.1728 207.7341 194.4671 210.4591 217.6128 165.8860 213.7467 223.4305
215.3109 195.8142 223.9470 212.6675 171.5217 174.9711 193.4824 178.0969 221.1221 163.3029 184.4109 221.5511 182.8852 177.8189 217.0493 207.4495 196.5047 204.4509 203.5336 176.7842 228.0837 229.6704 163.0717 180.0888 202.9993 170.6820 184.0097 229.6789 176.4660 191.5911 216.7621 170.9477 192.5516 201.2600 224.6622 191.5182 174.2292 221.5273 187.6968 185.2195 229.2896 185.0896 164.9109 188.1813 226.5850 167.6249 228.9884 169.8206 161.1231 175.6669 226.1460 202.1357 177.9933 212.3342 203.0143 188.5107 175.9668 165.2646 216.6206 175.1912 168.8868 172.0068 219.9390
174.5196 161.1496 176.7247 162.1405 188.7595 227.8141 160.1854 179.1004 167.9317 171.2727 160.9913 208.1630 228.5580 175.7973 160.0136 196.9041 182.6043 163.4933 230.0950 211.5086 161.5941 230.3638 204.3843 199.8950 163.3024 165.9942 171.6907 172.5056 224.4146 198.1112 212.0224 224.1435 217.9449 166.9371 222.2102 190.3571 160.5246 210.0872 229.6655 195.6536 227.8970 210.7361 228.8703 196.2556 201.0838 168.9218 183.1588 180.2079 210.7239 168.1453 209.7105 161.3859 228.0287 206.8761 175.4487 163.3626 223.6463 192.1808 176.7118 191.1503 223.4820 178.4535 168.1512
186.6199 172.4819 189.7229 192.2766 160.7554 171.0842 214.9716 196.7164 216.6907 209.3559 174.0089 190.7864 201.4208 194.6612 176.9284 170.6381 186.5286 216.4955 162.7794 201.3140 222.6052 225.5005 214.3858 164.6273 161.2511 212.4568 160.0488 211.0590 218.6377 168.9599 212.5716 216.8707 214.2562 222.7640 217.7695 182.1162 197.5301 213.7094 220.2601 173.8689 219.4287 173.7456 162.8617 182.7804 196.0796 167.8033 206.3724 167.0308 174.6522 216.1760 216.8505 186.8421 165.4586 174.6304 167.7716 228.9867 168.3016 185.6792 183.5981 174.1416 160.5912 221.3238 186.3664
220.8847 200.2250 200.3087 193.3167 213.7141 212.6180 174.0028 196.1459 180.9334 188.3943 165.3002 205.1500 164.9239 200.4938 228.0711 164.7773 201.2040 212.6004 168.1477 190.4120 223.0165 176.7441 223.0497 167.1311 190.9412 176.0452 230.2005 181.2162 183.5225 214.2335 229.3895 198.5425 206.0343 188.7145 202.1934 169.0561 224.5401 174.2501 199.4346 224.2991 217.3470 168.7679 170.5270 163.3447 193.8042 196.4242 207.7320 203.5655 190.1477 169.8038 223.9345 201.3708 172.7569 226.0630 190.5366 187.4247 216.7547 185.8934 197.4609 203.8824 202.3571 178.4200 182.0596
183.2628 203.8103 200.4305 208.8791 223.3338 172.4358 200.1118 189.6097 189.2484 169.4795 216.1993 164.0006 194.7916 204.1689 190.9267 165.3476 227.5459 198.7343 178.2750 164.8925 229.0520 213.1294 181.8190 172.5139 177.8463 226.1694 222.8191 172.5467 187.6668 163.0022 168.5440 197.7485 206.9851 202.0754 230.2519 189.3827 216.2896 217.6647 161.6079 188.4939 196.2241 160.5882 180.5684 188.7143 216.7677 224.9481 193.9260 219.3589 185.1328 215.6123 168.7744 193.1413 167.9512 204.6790 169.1275 203.5750 227.6215 210.3471 167.8064 163.0120 216.3992 169.4620 188.4939
226.7698 167.8829 225.5874 188.5181 216.8093 217.8904 167.0152 226.2578 196.3349 204.0769 184.7549 178.4203 198.3729 184.1188 175.9809 208.6386 180.4744 225.1924 219.3148 199.0612 162.4861 195.4600 223.7926 194.3564 200.7366 162.4863 173.6959 226.9102 170.3964 213.0089 225.2497 190.9865 172.6162 166.0910 227.3701 194.6769 175.8024 162.4481 168.2250 170.1856 176.0516 190.6590 207.3625 162.3645 160.3321 179.0482 208.5559 218.4435 192.4740 172.2545 225.3170 227.5848 173.4102 214.8939 230.2357 197.2309 172.3963 177.2626 173.9205 160.2145 220.1289 197.7315 214.3325
220.3107 199.7365 164.6798 226.6480 162.7399 216.7828 170.5996 193.5113 205.6801 210.0500 203.8633 198.9699 225.1329 184.9014 180.7728 203.2120 193.1507 161.9576 187.4657 208.3466 211.1930 191.3140 209.5061 197.2752 194.7161 168.3714 203.8443 178.3854 190.2552 208.3115 197.8357 203.3123 166.3432 185.4632 213.1663 225.4299 188.0962 229.6803 226.6023 196.3128 208.1940 219.3767 225.4526 161.1379 188.2852 171.0538 220.5163 202.8843 175.5535 227.9899 203.0680 194.2333 163.2970 168.2640 227.1330 181.2706 175.8921 215.4371 184.8964 226.4504 199.4412 169.0225 174.6000
168.2908 199.5945 168.2714 222.9980 181.3253 229.6690 189.4675 164.7427 221.6882 161.8794 228.8630 188.8672 164.9702 169.5417 161.6705 177.6854 210.1293 226.9615 203.9033 169.2476 169.3741 205.3328 175.5203 213.6301 165.2776 222.8473 196.6778 186.9224 195.7951 207.6310 203.9989 168.2361 208.4334 169.1993 219.1668 221.0855 177.2881 179.3552 206.9477 226.1750 182.0471 173.8408 173.9607 169.9702 174.3456 200.5981 214.1219 168.4251 173.0476 183.1939 223.7151 200.8926 207.1303 219.8201 173.4646 204.5535 218.8509 224.2955 176.8201 217.6671 214.7870 217.6608 163.9038
192.2215 225.1630 167.9195 211.5142 188.5003 199.5253 192.7862 202.2689 207.7960 166.4680 214.0430 227.6552 173.8378 187.5666 210.7605 164.3309 193.2688 216.5849 190.7670 171.4827 164.2093 165.6222 207.3618 171.3709 168.4359 161.5425 181.7546 182.1930 178.0639 173.7392 211.7793 210.1421 184.9151 164.4724 168.3061 193.4241 220.4670 171.8599 171.5659 181.0433 219.3897 193.0973 180.2915 213.3636 180.1986 189.6368 229.1775 165.8105 198.4795 200.8635 189.6693 220.5919 226.4720 208.2764 227.4984 220.9838 208.5398 215.2976 178.7027 230.5531 229.2007 190.6186 169.0902
