web/WEB-INF/data/slopeData.txt
nrows 70
ncols 70
cellsize 10
[rows 28 to 55 of 70, columns 0 to 62 of 70]
185.1530 201.3669 176.6176 168.3064 181.6593 160.4073 175.2638 207.9596 173.4374 179.8762 206.9724 168.0989 218.3787 214.1939 185.2497 174.6958 228.5951 182.5637 224.3795 168.0999 224.9815 213.6573 195.6697 188.2255 224.7062 188.4972 223.8927 178.7294 219.3842 182.7549 180.3901 169.9600 216.9726 175.2244 211.9283 225.4592 166.6217 210.9337 184.4109 181.4490 180.8140 218.2132 168.9817 209.0444 215.1253 179.0490 200.8836 175.9028 175.8573 214.2240 226.6792 177.6374 176.6060 191.0692 168.0838 227.6059 203.5543 222.1324 225.7142 176.6152 172.9062 215.7092 161.5121
226.5503 209.8932 200.1245 163.2197 168.3776 166.2215 216.0295 204.1584 182.3487 193.5067 199.9351 172.5855 219.3146 173.5549 160.4225 195.4893 223.8692 175.3072 218.2356 160.8378 169.5872 192.1457 211.5662 170.0700 220.2618 216.3411 183.1218 185.4226 166.3052 176.6248 194.5397 169.0062 204.9978 204.0225 182.3044 195.9026 190.1950 229.8927 188.8340 171.0665 204.4384 200.5834 220.8114 179.4843 172.1533 220.2395 210.1521 182.8694 182.7619 181.0717 186.2264 224.1512 225.0929 221.8351 175.0825 166.1568 222.4269 178.3531 174.4514 169.1753 169.8794 163.6708 189.2613
220.8847 204.4119 213.1995 172.8051 198.9392 216.9300 178.1458 165.8569 161.6852 190.7765 220.5550 198.7779 210.3277 228.6561 168.6130 197.4928 198.7364 198.3783 194.7343 160.9991 212.2889 192.2014 217.7338 220.7996 181.6975 192.2875 187.0887 175.1206 230.8080 196.4924 226.9770 198.0660 184.3623 165.7300 189.6165 206.8202 163.6295 224.3135 216.6661 161.6380 179.6253 227.0075 165.0957 193.6338 176.3657 161.0021 196.9836 167.3224 198.2287 172.6592 181.1595 186.4489 194.0353 208.6764 194.4728 178.8972 160.9028 180.2609 168.7385 165.3658 173.2717 218.0162 187.0894
168.1029 166.4141 170.0827 215.4530 175.5325 213.6186 194.1420 169.1756 191.3981 201.2704 170.7857 199.1172 221.4866 161.0121 173.8747 172.0626 210.9794 189.4372 164.3044 229.7443 173.2031 169.7332 192.7854 217.9914 199.7258 205.2394 215.6345 185.4682 185.9012 228.7359 184.3069 229.3631 204.7000 186.4039 224.7188 214.2119 201.8124 189.1756 160.6338 168.0202 180.5610 176.6247 160.5160 163.9894 185.1171 229.6431 174.2871 169.4426 230.8811 179.8923 208.3711 211.9993 187.6556 190.4234 178.2545 178.6511 185.4189 170.9203 167.5481 195.1566 199.0876 222.7340 167.1949
165.4440 168.0073 199.0906 204.8631 207.0170 163.8091 189.1304 166.6961 173.8112 228.1023 198.2657 211.3951 178.5325 190.2605 227.1566 170.2327 179.4044 227.4601 184.2862 210.2619 226.3392 176.7081 195.6857 185.2305 211.9724 191.0428 174.4224 172.3017 192.9403 160.5416 170.4120 180.0019 208.5015 178.2565 207.1729 216.7523 176.2310 188.8330 213.5928 194.9294 201.0571 192.3635 183.6470 173.6494 179.3474 169.9753 170.2764 183.3713 191.1051 215.7603 207.3079 194.9778 167.5848 217.9164 193.3872 213.2036 219.8052 184.3895 176.3793 161.1574 182.4986 180.8795 160.5906
203.1169 192.7613 210.9686 228.6675 185.1809 193.0912 176.9235 215.2929 181.9672 199.5302 160.9466 199.6666 185.8556 201.3119 218.3350 230.5322 174.1785 161.1374 209.2937 166.1776 163.5917 174.4449 173.0188 195.0431 188.0737 215.9957 177.6546 189.1337 228.2469 188.3345 180.1823 203.4450 228.6719 164.7739 189.3365 212.9076 203.1309 207.3001 176.5857 179.8033 161.6850 187.1988 173.0640 178.2121 195.4703 229.2622 216.0951 198.8148 178.7760 167.1511 167.6096 173.2920 165.9422 204.8601 163.3261 230.6362 184.0057 172.2622 181.0393 180.9267 212.8276 206.3918 229.7379
178.7951 207.5273 188.7617 178.2322 171.2130 179.7435 195.8907 186.0543 172.0570 166.3341 169.3102 224.3795 162.8845 225.6632 201.4639 204.4529 219.3102 200.4061 167.5617 168.7741 207.4002 202.1028 186.1958 209.7758 211.1063 181.3057 227.1386 163.2714 205.6639 194.7787 173.4170 176.2709 200.3183 198.1551 177.0274 199.6685 199.0948 226.5669 184.3320 182.8651 203.5800 201.0222 201.2606 223.6027 173.8468 199.7250 226.9306 193.1632 221.7193 195.1080 203.1944 212.6083 164.5485 195.0803 187.9247 168.9259 204.5520 160.8783 216.5552 191.7863 223.5524 206.9543 194.5114
179.0135 217.7963 183.9230 201.4752 161.6398 211.1259 200.7101 172.1229 190.6983 216.6070 223.2041 163.6197 223.1317 181.8446 216.0732 188.2990 166.3246 201.4122 226.0737 186.7770 214.3816 197.3018 222.5310 171.5717 172.2199 218.4392 178.6632 165.4161 171.4176 225.4725 177.2902 168.7337 164.9376 220.0983 169.2257 210.5048 184.4288 195.9091 193.3105 168.6716 171.7956 203.1126 177.6118 213.3051 206.1232 208.5080 207.7899 161.9903 222.8468 217.7837 169.0098 177.2691 162.2612 172.5449 213.0642 169.5302 208.0822 165.4749 160.5650 215.4311 175.7907 194.6883 191.1607
201.4943 162.5635 188.2645 160.0067 172.5299 161.6292 171.4375 207.7614 190.4423 176.1982 225.7364 173.6673 195.8958 170.7589 210.3008 176.6862 199.7895 167.4295 166.7905 183.2898 181.0292 176.3418 195.8440 214.3885 223.2784 172.6261 207.8562 170.6508 195.3112 179.6808 179.3560 183.9010 207.7557 170.8264 162.7513 208.1505 205.0803 170.0218 190.1094 169.3475 227.6515 162.0492 208.9359 216.1163 198.5702 220.4647 226.6305 222.5947 213.7799 170.6527 224.4055 209.9792 181.6330 209.5253 216.9784 166.5372 201.7000 168.7614 193.2742 215.6573 182.1100 211.9952 218.7068
223.4366 175.2817 169.1165 186.2733 222.2386 221.2088 202.5309 206.3453 200.2132 173.3429 203.0567 203.6988 176.8224 167.0708 173.5229 195.7139 230.0755 212.4364 163.6293 181.8187 160.0881 183.7441 216.6134 169.0763 175.5116 210.0457 227.3048 174.2522 200.6813 182.2715 189.7504 187.4924 188.7273 213.7941 186.0646 229.9743 179.6915 163.8968 173.5420 211.2772 169.9039 193.9616 218.3523 191.7665 168.4862 194.1857 169.3331 165.9841 173.8692 175.2925 215.4920 171.8931 199.6390 162.0089 180.8365 214.8410 168.8594 208.0495 221.0602 162.2703 225.2561 183.9691 165.4309
193.4900 161.4807 174.7596 212.4444 214.1225 187.5865 223.3582 161.9500 174.3548 166.9963 164.5680 211.0343 206.2608 175.2032 194.9707 177.2895 164.8138 229.9824 213.6649 201.6033 223.8540 226.0360 190.0442 168.1792 160.2031 199.0480 213.7150 182.9522 209.4101 215.4642 209.6770 167.0768 180.4902 211.1973 196.5987 163.0033 183.8096 211.5048 200.1311 186.1556 172.9549 163.4837 211.7271 213.3799 198.0310 209.9866 173.3579 222.1378 220.3308 169.2719 165.8527 185.8891 208.7359 184.3746 209.3259 196.2278 195.5198 175.0044 219.3027 173.1138 175.4540 202.7644 209.7036
212.6956 216.1714 193.2453 173.9918 169.3703 194.1547 215.8451 166.6450 189.0847 216.0433 205.9051 176.1105 162.7918 183.7830 204.4795 178.9451 212.7809 217.4421 176.3813 175.7722 195.8797 213.5200 167.9245 179.8550 175.4256 223.7425 208.6423 174.0507 197.4150 219.5655 170.9614 211.3451 162.8554 214.6045 198.0013 163.8675 163.3623 180.8579 206.7685 185.1400 171.4731 218.9069 183.0182 219.3309 188.9805 180.2350 175.9704 164.4481 162.8287 167.4368 206.8804 194.7355 175.7612 219.3609 227.1921 176.0166 220.9598 179.1681 208.6274 160.3656 211.3723 165.8766 176.1066
186.2145 191.6388 191.1609 166.7641 187.5968 177.2491 200.9806 215.8991 186.8437 198.0837 203.2199 169.6501 203.9955 172.1577 198.0050 205.9455 206.1066 218.7767 162.3470 188.2707 176.2943 212.6537 171.1423 179.1386 191.8051 207.2658 167.7888 207.0582 181.5946 182.8015 224.0376 180.5738 188.5196 170.4092 165.6301 192.7591 174.7442 199.9662 188.6024 161.0128 210.3716 177.2596 180.8767 195.1300 210.6348 176.2953 209.9086 214.3945 221.1973 162.4299 168.7053 198.8791 162.2495 215.1623 197.4940 172.2266 173.1213 195.7120 219.6797 176.9338 190.0718 214.9642 187.5027
165.3386 160.5276 215.6015 192.5490 230.9841 220.5705 205.9304 169.7625 212.7563 228.5826 206.1232 222.8091 166.6333 167.4854 172.2172 229.4702 186.5654 168.0131 168.9323 211.4023 198.5820 203.0091 189.8827 225.4314 183.3744 165.3201 169.8694 208.4642 194.9832 183.8732 185.1806 203.6870 165.0498 226.4880 187.7430 210.8988 218.3301 206.5974 174.7821 224.1453 230.8163 194.3304 227.3730 194.3052 162.8634 196.3427 170.8956 194.9146 192.1728 219.3726 191.9400 180.3138 190.3540 179.7487 212.6554 212.1461 202.0522 218.9757 227.8792 221.3486 187.3079 222.0859 226.6426
174.6512 201.8660 176.5876 213.8476 165.2158 227.1384 211.1654 191.8141 211.0633 177.2676 217.3707 177.4367 171.9347 174.7033 187.3124 210.0726 203.4456 178.0383 181.2589 227.9905 186.5788 185.2452 222.1022 220.3207 165.2322 194.2204 228.5327 194.4216 228.4901 215.4327 200.7021 172.0405 179.6049 176.2970 175.2973 177.4246 168.9004 210.8779 216.4994 185.9714 192.9358 201.6628 201.2610 181.0991 221.3070 206.4396 167.6979 168.7663 186.4052 189.7640 194.1627 198.4708 176.2981 189.1091 188.7448 188.6188 175.6577 180.5486 168.5231 184.8707 229.3175 171.7505 217.8886
172.4193 207.4436 201.7720 160.7728 169.0528 196.7701 195.8109 203.5870 181.3911 227.1430 178.7015 192.6950 230.7488 191.7365 208.9913 204.6190 225.8783 161.2215 221.4427 222.1673 230.0451 192.2271 200.0261 195.5620 213.0662 208.7292 216.0755 190.9673 163.8122 208.2299 169.6443 177.9741 198.7265 170.5156 185.7306 174.2351 161.3717 166.3819 209.5763 210.2384 216.8787 177.9541 183.6858 219.1577 194.4422 210.1378 180.5620 190.8234 184.6882 199.2945 201.4075 174.1223 192.8146 172.4512 175.2043 186.5521 210.9022 195.2252 202.6502 216.2318 192.6851 214.1759 168.4047
213.3718 189.5977 175.4686 199.5503 229.3128 176.9226 197.9791 163.1233 213.4387 216.0354 226.4308 167.9006 162.4008 178.6586 184.2722 209.1262 171.1791 196.2773 209.9619 223.1580 223.2626 216.2356 173.3758 217.7520 194.5599 192.6665 198.6124 220.2196 193.0376 168.9035 195.7856 162.5445 201.1177 166.3133 182.7565 202.2932 216.8093 224.9433 227.5294 199.5573 191.3996 220.9787 167.2113 228.2241 176.2809 202.7721 219.0179 209.5882 227.1543 210.1238 224.8000 184.6893 161.4168 227.5668 161.9573 217.7896 163.0129 217.6445 229.4092 205.0884 192.4104 161.5520 214.5016
160.0686 170.2866 176.6480 172.1830 225.0128 168.0440 170.1471 179.0115 167.4958 169.3055 182.5976 201.5152 208.3010 192.2016 163.7366 214.6996 202.4631 183.6057 229.0985 189.9314 161.0856 202.9779 227.4172 216.0408 223.3566 213.4137 178.7234 202.3776 167.7904 177.9343 208.4417 204.6694 196.9997 205.9585 202.1374 164.6294 180.9741 221.4577 167.8214 195.5297 222.9283 226.5091 166.8786 182.3712 166.2701 186.8349 182.7586 172.8582 181.1340 171.4448 201.5330 168.1170 183.2284 167.6817 168.3125 219.9852 204.4532 203.8137 167.2945 200.7421 202.8571 230.8088 222.9121
205.5796 225.3860 179.5011 165.0723 211.1567 226.8148 191.2741 172.2722 205.9768 200.1314 171.9156 189.1715 227.6145 172.3042 197.8413 168.4914 172.6391 199.7762 198.4185 189.4767 212.0139 225.9108 173.9447 207.3544 211.0090 215.4731 169.2715 162.3751 216.1063 224.0533 217.1301 161.1411 171.1331 192.0973 163.7974 186.6404 220.5184 181.1308 195.7321 194.7760 193.1362 184.8367 223.2048 162.2130 208.6729 180.8799 173.7486 204.0445 226.8347 176.7576 209.4633 195.1238 213.9989 228.4992 227.8232 201.9026 169.1037 173.7421 163.6556 202.2721 192.6709 181.5599 178.3866
222.2565 230.4746 181.7771 161.1343 177.8476 203.7513 162.7707 186.5358 220.2480 224.4237 191.0886 215.6521 169.6914 164.0366 167.8445 229.8153 188.5950 198.5124 230.1035 222.7366 170.5127 208.8013 180.0474 190.4079 208.2329 211.6718 186.2876 187.5041 188.2396 228.7637 202.0510 225.8254 208.2436 178.8978 223.0285 178.8919 187.3853 204.1657 203.6525 220.5383 165.0146 172.5053 228.4475 170.2388 177.6597 177.3125 163.8859 220.9424 164.9107 218.1311 184.8705 221.3926 216.4655 162.6221 225.5685 160.2683 169.5117 186.8184 161.8215 167.9893 198.9515 206.1398 223.7705
177.9455 178.2493 208.2536 213.5576 169.1728 199.2796 211.1874 206.3692 192.7113 173.0723 199.4348 218.0059 221.8903 175.7433 201.5467 164.3486 219.5187 219.3867 161.1416 162.8553 169.7295 161.7626 165.1380 225.1723 199.6962 228.1211 169.4065 202.0132 174.3381 181.7289 230.0230 179.5304 197.6097 190.8970 229.1039 170.0898 162.3462 183.6960 191.4157 218.7001 205.9244 187.0882 177.5617 230.3446 198.1912 167.9085 227.5713 210.1166 177.2086 166.9787 220.1453 164.3709 195.3720 172.6572 205.6393 173.0660 166.3664 161.2898 184.1125 218.0990 185.2452 224.3577 204.4084
221.1173 169.8789 198.1575 197.3981 225.3813 225.2271 227.5130 162.3338 203.7586 184.4016 205.3011 195.8754 211.9278 208.0613 212.6833 199.5246 204.5508 194.8272 202.3228 188.5831 188.2733 206.5188 166.7983 225.0239 230.5040 194.8471 218.0073 203.6174 163.0326 168.6771 205.8572 211.9496 196.2561 182.8142 172.3338 177.0169 167.8952 210.7663 220.7262 204.2802 214.6042 169.0855 168.3858 176.4189 204.8049 170.7037 169.9034 211.5369 224.4071 220.1434 217.9981 219.2417 221.8175 197.6032 216.7309 173.8450 216.7859 176.7019 181.8764 169.9108 206.1871 208.0924 223.4200
210.5005 208.5628 160.0019 190.7744 171.8048 164.6081 182.7815 226.3802 220.5591 169.7378 217.6175 175.5134 195.8541 185.3320 172.2530 161.5512 168.3789 180.0812 178.1589 169.1242 208.0387 195.8733 213.6619 205.1557 206.8444 196.0301 211.7637 196.5451 168.9898 222.5280 221.6137 220.1486 205.2243 206.5402 192.6162 210.3661 213.7272 221.4935 163.5797 213.9511 208.6960 202.8450 172.1499 226.6274 171.7690 205.9543 216.0071 200.7165 224.2251 212.7496 168.9527 217.2607 188.6210 182.3704 224.0641 173.0597 187.1624 222.6048 184.5519 208.6282 175.6354 167.7351 191.8209
220.9174 216.7790 193.3593 161.3017 189.4655 179.9963 198.6752 229.7004 205.0178 176.1434 172.6926 223.4889 220.1694 176.9948 199.0343 220.0071 218.6044 176.5800 200.1154 223.8337 215.4854 182.3027 191.8311 185.7970 161.9093 210.9292 212.9285 225.4190 177.9871 160.4598 213.0985 179.9396 177.0365 169.7021 221.3256 176.5783 230.7036 161.8322 224.4470 191.3621 181.5746 209.3535 179.1892 176.6728 226.9806 203.6380 202.1734 183.6476 162.2504 194.6735 222.5107 207.7046 199.6272 195.7266 230.6457 166.7612 207.4247 219.3822 228.0480 213.1593 210.7735 218.8211 163.1999
215.0383 200.8887 162.4092 168.3810 189.4012 213.7753 201.4742 172.8732 217.8677 224.1864 185.1300 199.3267 229.8277 197.7791 209.8387 166.1724 189.2653 220.0312 174.3696 195.3873 214.9828 187.0012 219.3302 162.6882 185.0102 216.9836 174.1264 187.1569 200.0694 191.1696 173.7510 222.2866 224.8704 229.5954 219.0361 175.0596 207.8370 195.9842 160.6517 202.9469 162.5812 215.5685 224.1847 186.6549 225.0746 165.6190 165.0897 178.0320 225.0057 211.1984 166.1688 216.8006 217.2472 161.6105 169.5051 180.6769 174.7139 176.1193 226.4558 186.0062 194.1398 172.7774 174.3896
197.6753 205.1112 168.3623 175.0601 170.0727 177.2504 178.8949 230.4635 195.0176 172.0715 219.5754 186.1264 176.8847 190.8003 183.8378 209.3822 170.3988 176.3490 176.0239 178.9973 194.0906 165.2830 219.3122 181.1446 217.7282 217.8901 182.3545 166.6372 202.4360 223.1671 194.5408 199.4780 183.3647 173.3166 171.0447 182.7688 176.3225 221.7815 205.9233 160.1555 164.7369 200.9362 195.5883 167.2827 225.6840 188.2979 168.9022 193.1797 188.4870 193.5292 208.0068 161.1069 207.5676 160.5587 174.7416 213.1544 176.8143 160.8642 171.1748 173.8036 218.7208 225.3344 181.3335
219.3930 211.3187 209.8991 227.9054 187.3260 222.3228 198.5527 185.5993 190.6577 206.3241 184.9923 174.8728 196.1584 219.1537 177.3673 168.9718 212.9530 211.7777 196.7308 221.0697 175.0977 227.9789 171.2536 174.9516 160.2376 196.0293 227.0410 221.0474 190.3232 210.3495 171.0425 227.0438 190.9914 216.7844 173.0020 184.8973 193.7511 181.9227 219.2625 191.3161 198.5608 169.8335 181.5066 176.6832 207.7285 168.7046 160.1926 223.9522 200.3230 221.1251 221.5302 225.2617 172.4465 207.1773 185.3264 223.8903 176.7828 180.0766 181.9295 178.6963 222.8128 210.8295 199.8005
192.5864 184.5262 192.7258 230.9121 227.8628 164.9790 193.2963 188.0840 198.4971 172.1944 189.8109 201.7485 168.4200 166.9354 190.5879 216.2768 213.3095 175.7879 161.8353 188.2504 177.0310 221.7679 205.1411 171.5337 160.5528 167.8008 173.4851 181.2954 222.8605 202.5956 168.7428 186.3559 200.7643 211.1855 163.5937 227.6897 167.2571 224.8115 184.5956 165.5186 219.2630 199.8813 181.9405 228.1927 184.1963 171.4557 168.0696 191.9773 171.7416 193.0841 208.8908 173.9360 227.6599 167.8395 229.8191 216.3354 193.2285 184.0892 193.2359 200.3811 202.1299 218.8769 181.2520
